  0.050   6.37650933339E+04  -2.88865353564E+06  -2.26507434131E+00
  0.055   5.21067061211E+04  -1.94906258904E+06  -2.05728687107E+00
  0.060   4.35157796269E+04  -1.49185928308E+06  -2.05699076869E+00
  0.065   3.71238961461E+04  -1.07221325005E+06  -1.87733154352E+00
  0.070   3.26012827893E+04  -7.64638274985E+05  -1.64179672300E+00
  0.075   2.92533099785E+04  -5.92727607619E+05  -1.51964241325E+00
  0.080   2.65636182357E+04  -4.88024137535E+05  -1.46975199901E+00
  0.085   2.43306768135E+04  -4.08840600817E+05  -1.42829775496E+00
  0.090   2.24436802733E+04  -3.48649240536E+05  -1.39809653614E+00
  0.095   2.08203413591E+04  -3.02798241258E+05  -1.38162157975E+00
  0.100   1.94004680946E+04  -2.66199310252E+05  -1.37212828553E+00
  0.110   1.70391291080E+04  -2.09256937987E+05  -1.35090608403E+00
  0.120   1.51654632433E+04  -1.67395884989E+05  -1.32455605717E+00
  0.130   1.36582172879E+04  -1.35468876436E+05  -1.28940355579E+00
  0.140   1.24316125712E+04  -1.10908415477E+05  -1.24900756663E+00
  0.150   1.14216091563E+04  -9.18965804613E+04  -1.20687784712E+00
  0.160   1.05795914102E+04  -7.71234758915E+04  -1.16637360217E+00
  0.170   9.86859570001E+03  -6.55234046094E+04  -1.12872987426E+00
  0.180   9.26110701331E+03  -5.63332832749E+04  -1.09490053132E+00
  0.190   8.73585845713E+03  -4.89710713256E+04  -1.06509321294E+00
  0.200   8.27705576410E+03  -4.29999908298E+04  -1.03901657921E+00
  0.210   7.87235206776E+03  -3.80854509927E+04  -1.01595363617E+00
  0.220   7.51268134086E+03  -3.39714748350E+04  -9.94814517562E-01
  0.230   7.19065168760E+03  -3.05394866372E+04  -9.76835234373E-01
  0.240   6.90015690502E+03  -2.76303165846E+04  -9.61032636155E-01
  0.250   6.63672171044E+03  -2.51185608476E+04  -9.46196101912E-01
  0.260   6.39662708610E+03  -2.29546480213E+04  -9.33024296275E-01
  0.270   6.17670026504E+03  -2.10700610125E+04  -9.21028417969E-01
  0.280   5.97448353777E+03  -1.94083067538E+04  -9.09589231724E-01
  0.290   5.78787193316E+03  -1.79453225787E+04  -8.99146285185E-01
  0.300   5.61503028796E+03  -1.66465936034E+04  -8.89394682647E-01
  0.320   5.30497595891E+03  -1.44400319400E+04  -8.71033206669E-01
  0.340   5.03468208252E+03  -1.26465785134E+04  -8.54043338599E-01
  0.360   4.79701645865E+03  -1.11680095041E+04  -8.38121665021E-01
  0.380   4.58634529128E+03  -9.93234994549E+03  -8.22941305021E-01
  0.400   4.39849069450E+03  -8.88164774431E+03  -8.07699582532E-01
  0.420   4.23001788395E+03  -7.99032245319E+03  -7.93361995720E-01
  0.440   4.07803401863E+03  -7.22573151464E+03  -7.79621222362E-01
  0.460   3.94032598408E+03  -6.56061118023E+03  -7.65896312919E-01
  0.480   3.81502503641E+03  -5.98323218678E+03  -7.52800157861E-01
  0.500   3.70051845926E+03  -5.47769243781E+03  -7.40124998445E-01
  0.550   3.45350101569E+03  -4.45619625442E+03  -7.09687916348E-01
  0.600   3.25052617257E+03  -3.69832540608E+03  -6.82657245580E-01
  0.650   3.08072512277E+03  -3.11781026982E+03  -6.57824568769E-01
  0.700   2.93656535035E+03  -2.66834125596E+03  -6.36062425429E-01
  0.750   2.81242460463E+03  -2.30737666366E+03  -6.15316938595E-01
  0.800   2.70459844206E+03  -2.01999372691E+03  -5.97499043258E-01
  0.850   2.60909645474E+03  -1.81243822627E+03  -5.90462069554E-01
  0.900   2.52300660493E+03  -1.62621195438E+03  -5.80097870565E-01
  0.950   2.44693929168E+03  -1.41213434072E+03  -5.48247203452E-01
  1.000   2.38076650498E+03  -1.25715412265E+03  -5.28045954956E-01
  1.050   2.32008458987E+03  -1.17067942877E+03  -5.29814044530E-01
  1.100   2.26364531088E+03  -1.08740323529E+03  -5.28414744602E-01
  1.150   2.21130001803E+03  -1.00677632563E+03  -5.23580140656E-01
  1.200   2.16293254821E+03  -9.28257189637E+02  -5.14999244190E-01
  1.300   2.07747996072E+03  -7.84405314053E+02  -4.90848011797E-01
  1.400   2.00517667395E+03  -6.66789037265E+02  -4.65547332710E-01
  1.500   1.94325369028E+03  -5.75342519354E+02  -4.44107623902E-01
  1.600   1.88942111477E+03  -5.04531346442E+02  -4.27247344700E-01
  1.700   1.84185409431E+03  -4.48555462246E+02  -4.14009061942E-01
  1.800   1.79937927722E+03  -4.02509416424E+02  -4.02648268065E-01
  1.900   1.76110110115E+03  -3.63985544679E+02  -3.92693261301E-01
  2.000   1.72640452444E+03  -3.30794374809E+02  -3.83217687542E-01
  2.100   1.69479792273E+03  -3.01934277931E+02  -3.74122469205E-01
  2.200   1.66590319585E+03  -2.76509833645E+02  -3.65160253930E-01
  2.300   1.63939796999E+03  -2.54029113056E+02  -3.56391169639E-01
  2.400   1.61501361993E+03  -2.34061842330E+02  -3.47828906616E-01
  2.500   1.59251243330E+03  -2.16292797318E+02  -3.39546481389E-01
  2.600   1.57169099648E+03  -2.00446218544E+02  -3.31592004652E-01
  2.700   1.55236705318E+03  -1.86285786266E+02  -3.24003026145E-01
  2.800   1.53438465376E+03  -1.73601273523E+02  -3.16793813515E-01
  2.900   1.51760367445E+03  -1.62211366586E+02  -3.09970890963E-01
  3.000   1.50190475554E+03  -1.51950434358E+02  -3.03515453556E-01
  3.100   1.48718051277E+03  -1.42681834526E+02  -2.97417618934E-01
  3.200   1.47333958617E+03  -1.34277456534E+02  -2.91642106779E-01
  3.300   1.46029958661E+03  -1.26635902215E+02  -2.86173112107E-01
  3.400   1.44799020896E+03  -1.19660350749E+02  -2.80972336711E-01
  3.500   1.43634780953E+03  -1.13275787299E+02  -2.76023156032E-01
  3.600   1.42531776148E+03  -1.07409991729E+02  -2.71291062719E-01
  3.700   1.41485035596E+03  -1.02007761788E+02  -2.66762288340E-01
  3.800   1.40490252771E+03  -9.70160191342E+01  -2.62410285011E-01
  3.900   1.39543489448E+03  -9.23920338133E+01  -2.58219808962E-01
  4.000   1.38641322552E+03  -8.80949417171E+01  -2.54166478206E-01
  4.200   1.36958445166E+03  -8.03761114181E+01  -2.46483280054E-01
  4.400   1.35419866287E+03  -7.36200781987E+01  -2.39202971437E-01
  4.600   1.34008262864E+03  -6.76711393312E+01  -2.32289587426E-01
  4.800   1.32708348445E+03  -6.24237583221E+01  -2.25783866243E-01
  5.000   1.31507273389E+03  -5.77823799498E+01  -2.19692715318E-01
  5.200   1.30393840911E+03  -5.36236522516E+01  -2.13846750552E-01
  5.400   1.29359871697E+03  -4.98333296954E+01  -2.08024309876E-01
  5.600   1.28398154797E+03  -4.63960040088E+01  -2.02353081210E-01
  5.800   1.27500982904E+03  -4.34158797841E+01  -1.97498165906E-01
  6.000   1.26657790893E+03  -4.09951373674E+01  -1.94201100832E-01
  6.500   1.24755587506E+03  -3.48223200103E+01  -1.81430815719E-01
  7.000   1.23155080107E+03  -2.98451811467E+01  -1.69636744050E-01
  7.500   1.21738786568E+03  -2.68040165111E+01  -1.65132353871E-01
  8.000   1.20474989903E+03  -2.37441863095E+01  -1.57670476361E-01
  8.500   1.19360221721E+03  -2.09346596479E+01  -1.49082001056E-01
  9.000   1.18372919164E+03  -1.86415606588E+01  -1.41733470049E-01
  9.500   1.17489204730E+03  -1.67613342038E+01  -1.35529621893E-01
 10.000   1.16691456887E+03  -1.52009071361E+01  -1.30265809869E-01
 10.500   1.15965124167E+03  -1.38806694622E+01  -1.25681777517E-01
 11.000   1.15300610065E+03  -1.27272520089E+01  -1.21421536294E-01
 11.500   1.14690146643E+03  -1.17088315893E+01  -1.17404648279E-01
 12.000   1.14127998480E+03  -1.07941319361E+01  -1.13495009952E-01
 12.500   1.13609190804E+03  -9.97189967138E+00  -1.09717132048E-01
 13.000   1.13129453814E+03  -9.23095966491E+00  -1.06075360216E-01
 13.500   1.12684859665E+03  -8.56410317622E+00  -1.02600645040E-01
 14.000   1.12271926196E+03  -7.96429096013E+00  -9.93125149088E-02
 14.500   1.11887425339E+03  -7.42481898278E+00  -9.62216039241E-02
 15.000   1.11528545283E+03  -6.93929119860E+00  -9.33297997521E-02
 15.500   1.11192700104E+03  -6.50159380281E+00  -9.06306833532E-02
 16.000   1.10877683953E+03  -6.10601505467E+00  -8.81117258149E-02
 16.500   1.10581481593E+03  -5.74752100974E+00  -8.57594737332E-02
 17.000   1.10302391674E+03  -5.42143886237E+00  -8.35561761281E-02
 17.500   1.10038862387E+03  -5.12391674386E+00  -8.14880680085E-02
 18.000   1.09789584346E+03  -4.85133479544E+00  -7.95376235714E-02
 18.500   1.09553360562E+03  -4.60086687577E+00  -7.76936798331E-02
 19.000   1.09329174577E+03  -4.36978455232E+00  -7.59412177175E-02
 19.500   1.09116092561E+03  -4.15606943245E+00  -7.42725953899E-02
 20.000   1.08913311714E+03  -3.95770997939E+00  -7.26763316091E-02
 21.000   1.08535786480E+03  -3.60100051007E+00  -6.96738036031E-02
 22.000   1.08191592289E+03  -3.28985317287E+00  -6.68968524001E-02
 23.000   1.07876581524E+03  -3.01570327273E+00  -6.42967864691E-02
 24.000   1.07587392349E+03  -2.77333474872E+00  -6.18660165619E-02
 25.000   1.07320998316E+03  -2.55843906346E+00  -5.95978211072E-02
 26.000   1.07074931461E+03  -2.36673715036E+00  -5.74692554737E-02
 27.000   1.06846969337E+03  -2.19549347692E+00  -5.54796493009E-02
 28.000   1.06635238764E+03  -2.04207037574E+00  -5.36201458198E-02
 29.000   1.06438032031E+03  -1.90437054806E+00  -5.18862899284E-02
 30.000   1.06253905823E+03  -1.78043536252E+00  -5.02692681854E-02
 31.000   1.06081540682E+03  -1.66866320944E+00  -4.87630167891E-02
 32.000   1.05919815673E+03  -1.56761663960E+00  -4.73601017416E-02
 33.000   1.05767699858E+03  -1.47609565282E+00  -4.60548509691E-02
 34.000   1.05624318470E+03  -1.39291707728E+00  -4.48373833920E-02
 35.000   1.05488864443E+03  -1.31727511980E+00  -4.37056834732E-02
 36.000   1.05360642065E+03  -1.24827553415E+00  -4.26515237084E-02
 37.000   1.05239013627E+03  -1.18514407737E+00  -4.16673715871E-02
 38.000   1.05123443630E+03  -1.12710129700E+00  -4.07424336636E-02
 39.000   1.05013424786E+03  -1.07411596460E+00  -3.98906356067E-02
 40.000   1.04908482090E+03  -1.02529097318E+00  -3.90927769712E-02
